	Park_ID	Block_ID	Distance
0	B001	360810001001	2452.201
1	B002	360810001001	14327.907000000001
2	B007	360810001001	19410.966999999997
3	B021	360810001001	7322.476999999999
4	B019	360810001001	10355.059999999998
5	B035	360810001001	18579.591999999997
6	B023	360810001001	6780.019
7	B001	360810002001	11008.507999999998
8	B002	360810002001	11204.086
9	B007	360810002001	18170.129
10	B021	360810002001	10842.899000000001
11	B019	360810002001	12936.322
12	B035	360810002001	18500.032000000003
13	B023	360810002001	7166.918000000001
14	B001	360810002002	10590.420999999997
15	B002	360810002002	10785.999000000002
16	B007	360810002002	17752.042
17	B021	360810002002	10424.812000000002
18	B019	360810002002	12518.235
19	B035	360810002002	18081.945000000003
20	B023	360810002002	6748.831
21	B001	360810004001	10725.387999999999
22	B002	360810004001	10920.966
23	B007	360810004001	17887.009
24	B021	360810004001	10559.779
25	B019	360810004001	12653.202000000001
26	B035	360810004001	18216.912
27	B023	360810004001	6883.798
28	B001	360810004002	10438.848999999997
29	B002	360810004002	10634.427000000001
30	B007	360810004002	17600.47
31	B021	360810004002	10273.240000000002
32	B019	360810004002	12366.663
33	B035	360810004002	17930.373
34	B023	360810004002	6597.259000000001
35	B001	360810004003	10878.265999999998
36	B002	360810004003	11073.844000000001
37	B007	360810004003	18039.887000000002
38	B021	360810004003	10712.657000000001
39	B019	360810004003	12806.080000000002
40	B035	360810004003	18369.79
41	B023	360810004003	7036.676
42	B001	360810006001	11334.014999999996
43	B002	360810006001	10584.144000000002
44	B007	360810006001	17575.694
45	B021	360810006001	11024.158
46	B019	360810006001	12663.489
47	B035	360810006001	18227.199000000004
48	B023	360810006001	6894.085
